epoch;accuracy;loss;lr;val_accuracy;val_loss
0;0.40514;4.370735374755859;0.001;0.4907;3.405672325897217
1;0.54782;3.042247441482544;0.001;0.5311;2.9465246940612793
2;0.60098;2.722476220703125;0.001;0.587;2.7353797836303713
3;0.6331;2.553368338394165;0.001;0.5859;2.637211909866333
4;0.65738;2.443416549987793;0.001;0.5834;2.6630307628631593
5;0.67552;2.38411529296875;0.001;0.5615;2.8327877906799315
6;0.69644;2.3200458473205567;0.001;0.5905;2.706624607849121
7;0.7102;2.2857255986785887;0.001;0.6129;2.6362891357421874
8;0.7246;2.248841658554077;0.001;0.6109;2.6925623802185057
9;0.73614;2.2086945937347413;0.001;0.6102;2.6903352951049806
10;0.7506;2.174746410369873;0.001;0.5924;2.7570137577056886
11;0.76386;2.1310549945068358;0.001;0.6309;2.603603032684326
12;0.77624;2.1070637690734864;0.001;0.6313;2.6899924224853518
13;0.7839;2.075881354370117;0.001;0.6163;2.695036639404297
14;0.79194;2.0439804331970213;0.001;0.6363;2.696932145690918
15;0.80436;2.012120506591797;0.001;0.6165;2.779273696899414
16;0.81002;1.9981702011871338;0.001;0.6028;2.897553974151611
17;0.81858;1.960846805114746;0.001;0.6261;2.876145177078247
18;0.8299;1.9251203985595704;0.001;0.6303;2.7384559871673586
19;0.83572;1.9120405574798585;0.001;0.5825;2.9921796180725098
20;0.84128;1.8817980374145509;0.001;0.5457;3.3976518379211424
21;0.84972;1.8484560359191895;0.001;0.6155;2.8901170639038085
22;0.85514;1.8230266014480592;0.001;0.6308;2.7793195129394532
23;0.86058;1.798576732788086;0.001;0.6004;3.000257011795044
24;0.86342;1.7867223519897462;0.001;0.6155;3.0053022438049317
25;0.86928;1.752584571838379;0.001;0.5921;3.1568126472473144
26;0.8771;1.7264795866394043;0.001;0.6078;3.105596333312988
27;0.87722;1.712161105003357;0.001;0.5363;3.396462171173096
28;0.8825;1.6765002659606933;0.001;0.6316;2.9563109439849855
29;0.88516;1.6653362783050538;0.001;0.5733;3.4298336486816408
30;0.9406;0.9486931229400635;0.00020000001;0.6583;1.9391569717407227
31;0.9535;0.6612784945297241;0.00020000001;0.654;2.0227361011505125
32;0.95734;0.6203195976638793;0.00020000001;0.6566;2.1026131107330324
33;0.95946;0.6100956970024108;0.00020000001;0.6566;2.1123533447265626
34;0.96194;0.5938826889038086;0.00020000001;0.6523;2.2408800388336183
35;0.9644;0.5849353507614136;0.00020000001;0.6496;2.2632491710662843
36;0.96394;0.5852856784057617;0.00020000001;0.6413;2.281123485183716
37;0.96564;0.5766602184486389;0.00020000001;0.6525;2.2683675949096678
38;0.96756;0.5654975365638732;0.00020000001;0.6504;2.301631308746338
39;0.96834;0.5612405778503418;0.00020000001;0.6478;2.279239268875122
40;0.97836;0.43106392713546754;4.0000003e-05;0.6517;2.0918432403564453
41;0.98242;0.31915654581069947;4.0000003e-05;0.6523;2.047059490966797
42;0.9818;0.2846506305027008;4.0000003e-05;0.6521;2.0660052501678465
43;0.9826;0.26459824436187745;4.0000003e-05;0.6513;2.067386152648926
44;0.98328;0.25510954605102537;4.0000003e-05;0.6557;2.0583430130004885
45;0.98432;0.24562875514507293;4.0000003e-05;0.6537;2.0815427200317385
46;0.98454;0.24285874945163727;4.0000003e-05;0.6547;2.080332598876953
47;0.98386;0.24044546394348146;4.0000003e-05;0.6541;2.0824007217407225
48;0.98426;0.23819791847229005;4.0000003e-05;0.6515;2.093482123184204
49;0.98548;0.23389443006038665;4.0000003e-05;0.6523;2.0754880542755125
0;0.41066;4.352225928268433;0.001;0.5051;3.3502960063934326
1;0.54796;3.0452183796691896;0.001;0.5566;2.9233556900024413
2;0.60156;2.7261272817993163;0.001;0.5685;2.7448381034851073
3;0.63128;2.5508162074279785;0.001;0.5242;3.0061418128967285
4;0.65614;2.4569320752716064;0.001;0.5394;2.843975619506836
5;0.67552;2.3788700964355467;0.001;0.5809;2.702014767456055
