epoch;accuracy;loss;lr
0;0.58695;2.139269048945109;0.001
1;0.6751083;1.58974203637441;0.001
2;0.715875;1.4942135042190552;0.001
3;0.743875;1.4176011107126871;0.001
4;0.763875;1.3465989210764566;0.001
5;0.7793292;1.288759910964966;0.001
6;0.79272914;1.2313682571729023;0.001
7;0.80345416;1.1806543693860372;0.001
8;0.8128875;1.1332951252937318;0.001
9;0.8198917;1.0901796224594116;0.001
10;0.8270958;1.0524729360898335;0.001
11;0.8339083;1.0157051916440327;0.001
12;0.8407;0.9893466917991638;0.001
13;0.8449125;0.9592086906750997;0.001
14;0.8511292;0.9355525226910909;0.001
15;0.85595834;0.9115889748255411;0.001
16;0.8605667;0.8909001085917155;0.001
17;0.8648;0.8712345025062561;0.001
18;0.86807084;0.8535969745953877;0.001
19;0.872375;0.8368182692845663;0.001
20;0.87574583;0.8215177037239074;0.001
21;0.8790625;0.806584517065684;0.001
22;0.8821292;0.7949340472539266;0.001
23;0.8855625;0.7811129430135091;0.001
24;0.8873583;0.7699779414812724;0.001
25;0.89022917;0.7604602407137553;0.001
26;0.89427084;0.7457191290855407;0.001
27;0.89642084;0.7393323907534282;0.001
28;0.89806664;0.7306653577486674;0.001
29;0.9008292;0.7213942082722982;0.001
30;0.9351917;0.36417591163317364;0.00020000001
31;0.9432;0.33060684714317323;0.00020000001
32;0.9466042;0.3205799703836441;0.00020000001
33;0.94974583;0.3128516694545746;0.00020000001
34;0.95215833;0.3060623284260432;0.00020000001
35;0.9532125;0.3026468147913615;0.00020000001
36;0.9550083;0.2976117753982544;0.00020000001
37;0.95659167;0.2920091323932012;0.00020000001
38;0.9581917;0.2872875143527985;0.00020000001
39;0.95876664;0.2853282354036967;0.00020000001
40;0.9675083;0.185255253525575;4.0000003e-05
41;0.9698167;0.16281985637346905;4.0000003e-05
42;0.97008336;0.15849783019622166;4.0000003e-05
43;0.970925;0.15515224721431733;4.0000003e-05
44;0.97138333;0.15280322080055872;4.0000003e-05
45;0.97197086;0.15226712826887767;4.0000003e-05
46;0.972125;0.15150713076988856;4.0000003e-05
47;0.97267914;0.1491270350853602;4.0000003e-05
48;0.9732;0.14795082535743714;4.0000003e-05
49;0.9736292;0.14695051730076472;4.0000003e-05
50;0.97519165;0.12164688929518064;8.000001e-06
51;0.9764583;0.11307760047316551;8.000001e-06
52;0.97615415;0.11142602953910828;8.000001e-06
53;0.9767917;0.1083540984471639;8.000001e-06
54;0.9767042;0.10718532113631567;8.000001e-06
55;0.97667086;0.1063517277956009;8.000001e-06
56;0.9773375;0.10405229849219322;8.000001e-06
57;0.976525;0.10480811958312988;8.000001e-06
58;0.9767333;0.10424797859589259;8.000001e-06
59;0.9768125;0.10421688335140546;8.000001e-06
60;0.97709167;0.10296861092249553;8.000001e-06
61;0.9771625;0.10229013976256053;8.000001e-06
62;0.97780836;0.10125171314279238;8.000001e-06
63;0.97755414;0.1011362774570783;8.000001e-06
64;0.97774583;0.10066243572433789;8.000001e-06
65;0.977375;0.10137109551032385;8.000001e-06
66;0.97730416;0.10121202105283737;8.000001e-06
67;0.97762084;0.10080114227135976;8.000001e-06
68;0.977525;0.10067736257910728;8.000001e-06
69;0.9774375;0.10052489509979884;8.000001e-06
70;0.97774583;0.10029555126229922;8.000001e-06
71;0.9776667;0.10017443283200264;8.000001e-06
72;0.9784167;0.09898267242709796;8.000001e-06
73;0.9786208;0.09708970675468445;8.000001e-06
74;0.9782125;0.09821830847660701;8.000001e-06
75;0.97816664;0.09915854189395905;8.000001e-06
76;0.97815835;0.09832398503621419;8.000001e-06
77;0.9789;0.09638174081047376;8.000001e-06
78;0.97822917;0.09790118249456088;8.000001e-06
79;0.9780333;0.09892726163665454;8.000001e-06
